20 5
0
0 1.4 0
14.5299 0 0
0.02 0.02 0.02
1
0 1.4 0
14.5299 0 0
0.02 0.02 0.02
2
0 1.4 0
14.5299 0 0
0.02 0.02 0.02
3
0 1.4 0
14.5299 0 0
0.02 0.02 0.02
4
0 1.4 0
14.5299 0 0
0.02 0.02 0.02
5
0
0 30.1001 2.5
-10.6029 0 0
1 1 1
1
0 30.1001 2.5
-10.6029 0 0
1 1 1
2
0 30.1001 2.5
-10.6029 0 0
1 1 1
3
0 30.1001 2.5
-10.6029 0 0
1 1 1
4
0 30.1001 2.5
-10.6029 0 0
1 1 1
5
0
12.3 17 1.8
-18.0642 0 -12.5664
1 1 1
1
12.3 17 1.8
-69.1152 0 -12.5664
1 1 1
2
12.3 17 1.8
-9.81752 0 -12.5664
1 1 1
3
12.3 17 1.8
38.8772 0 -12.5664
1 1 1
4
12.3 17 1.8
-15.3153 0 -12.5664
1 1 1
5
0
-13 16.8 3.1
12.9591 0 10.9956
1 1 1
1
-13 16.8 3.1
53.4071 0 10.9956
1 1 1
2
-13 16.8 3.1
-10.2101 0 10.9956
1 1 1
3
-13 16.8 3.1
-58.9049 0 10.9956
1 1 1
4
-13 16.8 3.1
-9.03205 0 10.9956
1 1 1
5
0
13.3 -14.8 -0.6
-22.3838 0 0
1 1 1
1
13.3 -14.8 -0.6
-22.3838 0 0
1 1 1
2
13.3 -14.8 -0.6
-22.3838 0 0
1 1 1
3
13.3 -14.8 -0.6
-1.17806 0 0
1 1 1
4
13.3 -14.8 -0.6
-1.17806 0 0
1 1 1
5
0
-13.1 -14.7 -0.9
-47.5166 0 0
1 1 1
1
-13.1 -14.7 -0.9
-10.6029 0 0
1 1 1
2
-13.1 -14.7 -0.9
-10.6029 0 0
1 1 1
3
-13.1 -14.7 -0.9
-10.2102 0 0
1 1 1
4
-13.1 -14.7 -0.9
-10.2102 0 0
1 1 1
5
0
7.1 -16.4 1.1
-24.3473 0 0
1 1 1
1
7.1 -16.4 1.1
14.1372 0 0
1 1 1
2
7.1 -16.4 1.1
-20.0276 0 0
1 1 1
3
7.1 -16.4 1.1
-52.6217 0 0
1 1 1
4
7.1 -16.4 1.1
-22.7765 0 0
1 1 1
5
0
-7.3 -16.5 2
-9.03208 0 -4.71239
1 1 1
1
-7.3 -16.5 2
-54.1925 0 -4.71239
1 1 1
2
-7.3 -16.5 2
-18.0642 0 -4.71239
1 1 1
3
-7.3 -16.5 2
17.6715 0 -4.71239
1 1 1
4
-7.3 -16.5 2
-26.7035 0 -4.71239
1 1 1
5
0
0 -26.3001 0
9.81748 0 0
1 1 1
1
0 -26.3001 0
9.81748 0 0
1 1 1
2
0 -26.3001 0
9.81748 0 0
1 1 1
3
0 -26.3001 0
9.81748 0 0
1 1 1
4
0 -26.3001 0
9.81748 0 0
1 1 1
5
0
0 -26.1001 0
20.813 0 0
1 1 1
1
0 -26.1001 0
20.813 0 0
1 1 1
2
0 -26.1001 0
20.813 0 0
1 1 1
3
0 -26.1001 0
20.813 0 0
1 1 1
4
0 -26.1001 0
20.813 0 0
1 1 1
5
0
0 -25.6001 0
0 0 0
1 1 1
1
0 -25.6001 0
0 0 0
1 1 1
2
0 -25.6001 0
0 0 0
1 1 1
3
0 -25.6001 0
0 0 0
1 1 1
4
0 -25.6001 0
0 0 0
1 1 1
5
0
0 -25.6001 0
0 0 0
1 1 1
1
0 -25.6001 0
0 0 0
1 1 1
2
0 -25.6001 0
0 0 0
1 1 1
3
0 -25.6001 0
0 0 0
1 1 1
4
0 -25.6001 0
0 0 0
1 1 1
5
0
-13.2 -11.9 0.5
91.499 0 -76.5764
1 1 1
1
-13.2 -11.9 0.5
91.499 0 -76.5764
1 1 1
2
-13.2 -11.9 0.5
91.499 0 -76.5764
1 1 1
3
-13.2 -11.9 0.5
126.449 0 -76.5764
1 1 1
4
-13.2 -11.9 0.5
126.449 0 -76.5764
1 1 1
0
0
0
0
0
0
0
