20 2
0
0 1.4 0
14.5299 0 0
0.02 0.02 0.02
1
0 1.4 0
14.5299 0 0
0.02 0.02 0.02
2
0
0 30.1001 2.5
-10.6029 0 0
1 1 1
1
0 30.1001 2.5
-10.6029 0 0
1 1 1
2
0
12.3 16.9 1.9
-18.0642 0 -12.5664
1 1 1
1
12.3 16.9 1.9
-18.0642 0 -12.5664
1 1 1
2
0
-13 16.8 3.1
12.9591 0 10.9956
1 1 1
1
-13 16.8 3.1
12.9591 0 10.9956
1 1 1
2
0
13.3 -14.8 -0.6
-22.3838 0 0
1 1 1
1
13.3 -14.8 -0.6
-22.3838 0 0
1 1 1
2
0
-13.1 -14.7 -0.9
-47.5166 0 0
1 1 1
1
-13.1 -14.7 -0.9
-47.5166 0 0
1 1 1
2
0
7.1 -16.4 1.1
-24.3473 0 0
1 1 1
1
7.1 -16.4 1.1
-24.3473 0 0
1 1 1
2
0
-7.3 -16.5 2
-9.03208 0 -4.71239
1 1 1
1
-7.3 -16.5 2
-9.03208 0 -4.71239
1 1 1
2
0
0 -26.3001 0
9.81748 0 0
1 1 1
1
0 -26.3001 0
9.81748 0 0
1 1 1
2
0
0 -26.1001 0
20.813 0 0
1 1 1
1
0 -26.1001 0
20.813 0 0
1 1 1
2
0
0 -25.6001 0
0 0 0
1 1 1
1
0 -25.6001 0
0 0 0
1 1 1
2
0
0 -25.6001 0
0 0 0
1 1 1
1
0 -25.6001 0
0 0 0
1 1 1
2
0
-13.2 -11.9 0.5
91.499 0 -76.5764
1 1 1
1
-13.2 -11.9 0.5
91.499 0 -76.5764
1 1 1
0
0
0
0
0
0
0
