20 2
0
0 1.4 0
14.5299 0 0
0.02 0.02 0.02
1
0 1.4 0
14.5299 0 0
0.02 0.02 0.02
2
0
0 30.1001 2.5
-10.6029 0 0
1 1 1
1
0 30.1001 2.5
-10.6029 0 0
1 1 1
2
0
12.3 17 1.8
18.0641 0 -12.5664
1 1 1
1
12.3 17 1.8
18.0641 0 -12.5664
1 1 1
2
0
-13 16.8 3.1
31.4159 0 10.9956
1 1 1
1
-13 16.8 3.1
31.4159 0 10.9956
1 1 1
2
0
13.3 -14.8 -0.6
-22.3838 0 0
1 1 1
1
13.3 -14.8 -0.6
-22.3838 0 0
1 1 1
2
0
-13.1 -14.7 -0.9
-47.5166 0 0
1 1 1
1
-13.1 -14.7 -0.9
-47.5166 0 0
1 1 1
2
0
7.1 -16.4 1.1
-41.6261 0 0
1 1 1
1
7.1 -16.4 1.1
-41.6261 0 0
1 1 1
2
0
-7.3 -16.5 2
-44.375 0 -4.71239
1 1 1
1
-7.3 -16.5 2
-44.375 0 -4.71239
1 1 1
2
0
0 -26.3001 0
85.2158 0 0
1 1 1
1
0 -26.3001 0
85.2158 0 0
1 1 1
2
0
0 -26.1001 0
88.3574 0 0
1 1 1
1
0 -26.1001 0
88.3574 0 0
1 1 1
2
0
0 -25.6001 0
0 0 0
1 1 1
1
0 -25.6001 0
0 0 0
1 1 1
2
0
0 -25.6001 0
0 0 0
1 1 1
1
0 -25.6001 0
0 0 0
1 1 1
2
0
-13.2 -11.9 0.5
91.499 0 -76.5764
1 1 1
1
-13.2 -11.9 0.5
91.499 0 -76.5764
1 1 1
0
0
0
0
0
0
0
