20 5
0
0 0 0
0 0 0
0.02 0.02 0.02
1
0 0 0
0 0 0
0.02 0.02 0.02
2
0 0 0
0 0 0
0.02 0.02 0.02
3
0 0 0
1.9635 0 0
0.02 0.02 0.02
4
0 0 0
1.9635 0 0
0.02 0.02 0.02
5
0
0 0 5.1
0 0 0
1 1 1
1
0 0 5.1
-32.9867 0 0
1 1 1
2
0 0 5.1
-32.9867 0 0
1 1 1
3
0 0 5.1
23.5619 0 0
1 1 1
4
0 0 5.1
23.5619 0 0
1 1 1
5
0
-0.2 16.1 15
0 0 0
1 1 1
1
-0.2 16.1 15
-14.9226 0 0
1 1 1
2
-0.2 16.1 15
-14.9226 0 0
1 1 1
3
-0.2 16.1 15
12.5664 0 0
1 1 1
4
-0.2 16.1 15
12.5664 0 0
1 1 1
5
0
-0.1 0 -35.8
0 0 0
1 1 1
1
-0.1 0 -35.8
11.3883 0 0
1 1 1
2
-0.1 0 -35.8
11.3883 0 0
1 1 1
3
-0.1 0 -35.8
39.2699 0 0
1 1 1
4
-0.1 0 -35.8
39.2699 0 0
1 1 1
0
0
0
0
0
0
0
0
0
0
0
0
0
0
0
0
