20 5
0
0 1.4 0
14.5299 0 0
0.02 0.02 0.02
1
0 1.4 0
14.5299 0 0
0.02 0.02 0.02
2
0 1.4 0
14.5299 0 0
0.02 0.02 0.02
3
0 1.4 0
14.5299 0 0
0.02 0.02 0.02
4
0 1.4 0
14.5299 0 0
0.02 0.02 0.02
5
0
0 30.1001 2.5
-10.6029 0 0
1 1 1
1
0 30.1001 2.5
-10.6029 0 0
1 1 1
2
0 30.1001 2.5
-10.6029 0 0
1 1 1
3
0 30.1001 2.5
-10.6029 0 0
1 1 1
4
0 30.1001 2.5
-10.6029 0 0
1 1 1
5
0
12.3 17 1.8
-18.0642 0 -12.5664
1 1 1
1
12.5 17 1.8
-93.4626 0 -25.9181
1 1 1
2
12.3 17 1.8
-93.4626 0 34.9502
1 1 1
3
12.3 17 1.8
-93.4626 0 96.2114
1 1 1
4
12.3 17 1.8
-87.5721 51.4436 54.9779
1 1 1
5
0
-13 16.8 3.1
12.9591 0 10.9956
1 1 1
1
-13 16.8 3.1
13.3518 0 -43.5896
1 1 1
2
-13 16.8 3.1
-1.96347 75.791 -43.9823
1 1 1
3
-13 16.8 3.1
-1.96347 110.741 -43.9823
1 1 1
4
-13.1 16.8 3.1
-9.81745 44.375 -18.4568
1 1 1
5
0
13.3 -14.8 -0.6
-22.3838 0 0
1 1 1
1
13.3 -14.8 -0.6
-16.4933 0 -10.9956
1 1 1
2
13.3 -14.8 -0.6
-16.4933 0 0.785398
1 1 1
3
13.3 -14.8 -0.6
-19.2422 0 0.785398
1 1 1
4
13.3 -14.8 -0.6
-19.2422 0 0.785398
1 1 1
5
0
-13.1 -14.7 -0.9
-47.5166 0 0
1 1 1
1
-13.1 -14.7 -0.9
-12.1737 0 -105.244
1 1 1
2
-13.1 -14.7 -0.9
-12.1737 0.392699 -6.67588
1 1 1
3
-13.1 -14.7 -0.9
-12.1737 19.635 -6.28318
1 1 1
4
-13.1 -14.7 -0.9
-12.1737 19.635 -6.28318
1 1 1
5
0
7.1 -16.4 1.1
-24.3473 0 0
1 1 1
1
8.1 -16.4 2.1
-1.17807 0 1.5708
1 1 1
2
8.1 -16.4 2.1
-1.17807 0 1.5708
1 1 1
3
8.1 -16.4 2.1
-1.17807 0 1.5708
1 1 1
4
8.1 -16.4 2.1
-1.17807 0 1.5708
1 1 1
5
0
-7.3 -16.5 2
-9.03208 0 -4.71239
1 1 1
1
-7.3 -16.5 2
-40.8407 0 -4.71239
1 1 1
2
-7.3 -16.5 2
-40.8407 0 -4.71239
1 1 1
3
-7.3 -16.5 2
-40.8407 0 -4.71239
1 1 1
4
-7.3 -16.5 2
-40.8407 0 -4.71239
1 1 1
5
0
0 -26.3001 0
9.81748 0 0
1 1 1
1
0 -26.3001 0
9.81748 0 0
1 1 1
2
0 -26.3001 0
9.81748 0 0
1 1 1
3
0 -26.3001 0
9.81748 0 0
1 1 1
4
0 -26.3001 0
9.81748 0 0
1 1 1
5
0
0 -26.1001 0
20.813 0 0
1 1 1
1
0 -26.1001 0
20.813 0 0
1 1 1
2
0 -26.1001 0
20.813 0 0
1 1 1
3
0 -26.1001 0
20.813 0 0
1 1 1
4
0 -26.1001 0
20.813 0 0
1 1 1
5
0
0 -25.6001 0
0 0 0
1 1 1
1
0 -25.6001 0
0 0 0
1 1 1
2
0 -25.6001 0
0 0 0
1 1 1
3
0 -25.6001 0
0 0 0
1 1 1
4
0 -25.6001 0
0 0 0
1 1 1
5
0
0 -25.6001 0
0 0 0
1 1 1
1
0 -25.6001 0
0 0 0
1 1 1
2
0 -25.6001 0
0 0 0
1 1 1
3
0 -25.6001 0
0 0 0
1 1 1
4
0 -25.6001 0
0 0 0
1 1 1
5
0
-13.2 -11.9 0.5
91.499 0 -76.5764
1 1 1
1
-6.59998 -11.7 0.4
103.28 -8.24668 -283.529
1 1 1
2
-6.59998 -14.3 0.2
-4.31972 -8.63938 -317.694
1 1 1
3
-6.59998 -14.3 -2.9
-4.31972 35.3429 -317.694
1 1 1
4
-7.29998 -17.1 -1.9
-3.53432 -45.1604 -334.973
1 1 1
0
0
0
0
0
0
0
