20 4
0
0 0 0
0 0 0
0.02 0.02 0.02
1
0 0 0
0 11.3883 0
0.02 0.02 0.02
2
0 0 0
0 -11.3883 0
0.02 0.02 0.02
3
0 0 0
0 -11.3883 0
0.02 0.02 0.02
4
0
0 0 5.1
0 0 0
1 1 1
1
0 0 5.1
0 -18.8496 0
1 1 1
2
0 0 5.1
0 12.5664 0
1 1 1
3
0 0 5.1
0 12.5664 0
1 1 1
4
0
-0.2 16.1 15
0 0 0
1 1 1
1
-0.2 16.1 15
0 15.3153 0
1 1 1
2
-0.2 16.1 15
0 -8.24668 0
1 1 1
3
-0.2 16.1 15
0 -8.24668 0
1 1 1
4
0
-0.1 0 -35.8
0 0 0
1 1 1
1
-0.1 0 -35.8
0 -18.0642 0
1 1 1
2
-0.1 0 -35.8
0 13.7445 0
1 1 1
3
-0.1 0 -35.8
0 13.7445 0
1 1 1
0
0
0
0
0
0
0
0
0
0
0
0
0
0
0
0
