56
1
1
0 -3 0
0 0 0
1.75286 1.75286 1.75286
1
0
0 -1 4
0 0 0
2 2 2
1
0
-2 -1 3
0 0 0
2 2 2
1
0
2 -1 3
0 0 0
2 2 2
1
1
0 0 4
0 0 0
0.142857 0.142857 0.142857
1
1
2 0 3
0 0 0
0.142857 0.142857 0.142857
1
1
-2 0 3
0 0 0
0.142857 0.142857 0.142857
1
0
1 -1 7
0 0 0
2.002 2.002 2.002
1
0
1 1 7
0 0 0
2 2 2
1
9
-3 -1 9
0 0 0
0.0340028 0.0340028 0.0340028
1
0
-4 0 2
0 0 0
3.53 3.53 3.53
1
0
-6 1 -2
0 0 0
5.31003 5.31003 5.31003
1
0
-2 0 -6
0 0 0
4.54001 4.54001 4.54001
1
0
1 0 -5
0 0 0
3 3 3
1
1
-4 2 2
0 0 0
0.212857 0.212857 0.212857
1
1
-6 4 -2
0 0 0
0.332857 0.332857 0.332857
1
0
5 0 -7
0 0 0
5.06002 5.06002 5.06002
1
0
8 0 -4
0 0 0
3.34 3.34 3.34
1
0
9 -1 -1
0 0 0
3.39 3.39 3.39
1
0
9 -1 1
0 0 0
2 2 2
1
0
10 -2 2
0 0 0
2.64 2.64 2.64
1
9
21 -2 0
0 0 0
0.104003 0.104003 0.104003
1
9
21 -2 18
0 0 0
0.124003 0.124003 0.124003
1
9
20 -2 9
0 0 0
0.0740028 0.0740028 0.0740028
1
9
20 -2 -9
0 0 0
0.0740028 0.0740028 0.0740028
1
9
16 -2 -16
0 0 0
0.0740028 0.0740028 0.0740028
1
9
9 -2 -19
0 0 0
0.0840028 0.0840028 0.0840028
1
9
0 -2 -20
0 0 0
0.0940028 0.0940028 0.0940028
1
9
-10 -2 -19
0 0 0
0.0840028 0.0840028 0.0840028
1
9
-20 -2 -14
0 0 0
0.114003 0.114003 0.114003
1
9
-21 -2 -6
0 0 0
0.0950028 0.0950028 0.0950028
1
9
-23 -2 2
0 0 0
0.104003 0.104003 0.104003
1
9
-20 -2 9
0 0 0
0.0840028 0.0840028 0.0840028
1
9
-17 -2 16
0 0 0
0.0740028 0.0740028 0.0740028
1
9
0 -2 20
0 0 0
0.0740028 0.0740028 0.0740028
1
9
9 -2 21
0 0 0
0.104003 0.104003 0.104003
1
0
-12 0 18
0 0 0
4.81002 4.81002 4.81002
1
0
-3 0 18
0 0 0
5.09002 5.09002 5.09002
1
1
-8 3 22
0 0 0
0.702857 0.702857 0.702857
1
0
-8 0 23
0 0 0
5.48003 5.48003 5.48003
1
1
-8 -2 19
0 0 0
0.462857 0.462857 0.462857
1
1
-5 3 -5
0 0 0
0.142857 0.142857 0.142857
1
1
10 -0.8 2
0 0 0
0.142857 0.142857 0.142857
1
1
9 0 1
0 0 0
0.142857 0.142857 0.142857
1
1
9 0.8 -1
0 0 0
0.202857 0.202857 0.202857
1
1
8 1.6 -4
0 0 0
0.192857 0.192857 0.192857
1
1
5 2.3 -7
0 0 0
0.262857 0.262857 0.262857
1
1
1 1.6 -5
0 0 0
0.161857 0.161857 0.161857
1
1
-2 2.1 -6
0 0 0
0.232857 0.232857 0.232857
1
10
3 -1.3 -3
0 0 0
0.0235227 0.0235227 0.0235227
1
11
6 -1.4 0
0 0 0
0.0389628 0.0389628 0.0389628
1
12
5 -1.3 -1
0 0 0
0.0267869 0.0267869 0.0267869
1
14
-2 -1.3 -2
0 0 0
0.0257657 0.0257657 0.0257657
1
11
10 0.9 -1
0 0 0
0.0389628 0.0389628 0.0389628
1
10
0 2.3 -7
0 0 0
0.0235227 0.0235227 0.0235227
1
12
3 0.1 2
0 0 0
0.0267869 0.0267869 0.0267869
2
-8 2 15
0.1 0.1 0.1
0.5 0.5 0.5
1 1 1
30
1
-5 8 -1
0.1 0.1 0.1
0.5 0.5 0.5
1 1 1
30
1
6
i -6 5.5 -2
-1.07374e+08 -1.07374e+08 -1.07374e+08
-1.07374e+08 -1.07374e+08 -1.07374e+08
0 0 0 0 0 0 0 0 0 0 
i 4 3.3 -8
-1.07374e+08 -1.07374e+08 -1.07374e+08
-1.07374e+08 -1.07374e+08 -1.07374e+08
1 0 0 0 0 0 0 0 0 0 
g -7 -1.3 15
0 0 0
-1.07374e+08 -1.07374e+08 -1.07374e+08
0 0 0 0 0 0 0 0 0 0 
m 8 0 8
0 0 0
-1.07374e+08 -1.07374e+08 -1.07374e+08
0 0 0 0 0 0 0 0 0 0 
n 3 0 -1
0 0 0
-1.07374e+08 -1.07374e+08 -1.07374e+08
0 0 0 0 0 0 0 0 0 0 
r -8 -1.1 20
-1.07374e+08 -1.07374e+08 -1.07374e+08
3.5 3.5 3.5
1 0 0 0 0 0 0 0 0 0 
