78
1
1
0 -4.2 0
0 0 0
2.60285 2.60285 2.60285
1
0
-5 0 0
0 0 0
3.96 3.96 3.96
1
0
0 0 5
0 0 0
6.25005 6.25005 6.25005
1
0
5 0 0
0 0 0
4.03 4.03 4.03
1
0
0 0 -9
0 0 0
3.93 3.93 3.93
1
0
-8 -0.7 0
0 0 0
3.73 3.73 3.73
1
0
-10 -1.6 0
0 0 0
3.57 3.57 3.57
1
0
-11 -1.7 3
0 0 0
2 2 2
1
0
-3 1 -4
0 0 0
0.910001 0.910001 0.910001
1
0
-1 1 -5
0 0 0
0.910001 0.910001 0.910001
1
0
0 2 10
0 0 0
3.92 3.92 3.92
1
0
0 3 12
0 0 0
3.87 3.87 3.87
1
0
0 -5.7 25
0 0 0
22.8004 22.8004 22.8004
1
0
-4 0.9 -11
0 0 0
1.27 1.27 1.27
1
0
-7 1.1 -11
0 0 0
2 2 2
1
0
-7 0.8 -14
0 0 0
1.34 1.34 1.34
1
0
9 0 0
0 0 0
4.59001 4.59001 4.59001
1
0
14 0 0
0 0 0
5.20003 5.20003 5.20003
1
0
19 2.1 0
0 0 0
2 2 2
1
1
0 1.9 -9
0 0 0
0.202857 0.202857 0.202857
1
1
-5 1.9 0
0 0 0
0.222857 0.222857 0.222857
1
1
-8 1.1 0
0 0 0
0.212857 0.212857 0.212857
1
1
-10 0.1 0
0 0 0
0.182857 0.182857 0.182857
1
1
-7 2 -11
0 0 0
0.102857 0.102857 0.102857
1
1
5 1.9 0
0 0 0
0.212857 0.212857 0.212857
1
1
9 2.3 0
0 0 0
0.242857 0.242857 0.242857
1
1
14 2.6 0
0 0 0
0.272857 0.272857 0.272857
1
1
0 2.8 5
0 0 0
0.332857 0.332857 0.332857
1
1
0 4.7 25
0 0 0
1.17286 1.17286 1.17286
1
9
-26 -1.8 2
0 0 0
0.0940028 0.0940028 0.0940028
1
9
-26 -1.8 -7
0 0 0
0.0740028 0.0740028 0.0740028
1
9
-26 -1.8 -15
0 0 0
0.0740028 0.0740028 0.0740028
1
9
-26 -1.8 -23
0 0 0
0.0740028 0.0740028 0.0740028
1
9
-19 -1.8 -26
0 0 0
0.0840028 0.0840028 0.0840028
1
9
-11 -1.8 -26
0 0 0
0.0640028 0.0640028 0.0640028
1
9
-3 -1.8 -26
0 0 0
0.0740028 0.0740028 0.0740028
1
9
5 -1.8 -26
0 0 0
0.0740028 0.0740028 0.0740028
1
9
13 -1.8 -26
0 0 0
0.0740028 0.0740028 0.0740028
1
9
21 -1.8 -26
0 0 0
0.0740028 0.0740028 0.0740028
1
9
26 -1.8 -20
0 0 0
0.0740028 0.0740028 0.0740028
1
9
29 -1.8 -12
0 0 0
0.0740028 0.0740028 0.0740028
1
9
29 -1.8 -3
0 0 0
0.0740028 0.0740028 0.0740028
1
9
29 -1.8 4
0 0 0
0.0740028 0.0740028 0.0740028
1
9
27 -1.8 12
0 0 0
0.0740028 0.0740028 0.0740028
1
9
25 -1.8 21
0 0 0
0.0740028 0.0740028 0.0740028
1
9
-26 -1.8 21
0 0 0
0.0740028 0.0740028 0.0740028
1
9
-26 -1.8 13
0 0 0
0.104003 0.104003 0.104003
1
9
-21 -2.3 30
0 0 0
0.114003 0.114003 0.114003
1
9
21 -2.3 30
0 0 0
0.114003 0.114003 0.114003
1
9
21 -2.3 30
0 0 0
0.114003 0.114003 0.114003
1
10
5 -1.6 -5
0 0 0
0.0235227 0.0235227 0.0235227
1
10
13 -1.6 -12
0 0 0
0.0235227 0.0235227 0.0235227
1
10
20 -1.6 -3
0 0 0
0.0235227 0.0235227 0.0235227
1
10
-11 -1.6 -7
0 0 0
0.0235227 0.0235227 0.0235227
1
10
-12 -1.6 10
0 0 0
0.0235227 0.0235227 0.0235227
1
10
5 -1.6 8
0 0 0
0.0235227 0.0235227 0.0235227
1
11
10 -1.6 5
0 0 0
0.0389628 0.0389628 0.0389628
1
11
14 -1.6 12
0 0 0
0.0389628 0.0389628 0.0389628
1
11
-16 -1.6 5
0 0 0
0.0389628 0.0389628 0.0389628
1
11
-14 -1.6 -16
0 0 0
0.0389628 0.0389628 0.0389628
1
11
6 -1.6 -14
0 0 0
0.0389628 0.0389628 0.0389628
1
12
-6 2.1 1
0 0 0
0.0267869 0.0267869 0.0267869
1
12
4 2.1 -2
0 0 0
0.0267869 0.0267869 0.0267869
1
13
10 2.5 2
0 0 0
0.025664 0.025664 0.025664
1
14
15 2.8 -2
0 0 0
0.0257657 0.0257657 0.0257657
1
14
1 2 -8
0 0 0
0.0257657 0.0257657 0.0257657
1
14
-6 -1.6 -6
0 0 0
0.0257657 0.0257657 0.0257657
1
14
8 -1.6 -10
0 0 0
0.0257657 0.0257657 0.0257657
1
13
14 -1.6 -4
0 0 0
0.025664 0.025664 0.025664
1
12
18 -1.6 -8
0 0 0
0.0267869 0.0267869 0.0267869
1
12
18 -1.6 -18
0 0 0
0.0267869 0.0267869 0.0267869
1
12
-1 -1.6 -16
0 0 0
0.0267869 0.0267869 0.0267869
1
12
-16 -1.6 -5
0 0 0
0.0267869 0.0267869 0.0267869
1
12
-5 -1.6 8
0 0 0
0.0267869 0.0267869 0.0267869
1
22
10 -2.2 -5
0 0 0
0.0295773 0.0295773 0.0295773
1
23
12 -2.2 -16
0 0 0
0.0216651 0.0216651 0.0216651
1
24
-9 -2.2 8
0 0 0
0.030367 0.030367 0.030367
1
26
7 -2.1 4
0 0 0
0.0261234 0.0261234 0.0261234
6
0 0 -2
0.1 0.1 0.1
0.5 0.5 0.5
1 1 1
30
1
17 3 0
0.1 0.1 0.1
0.5 0.5 0.5
1 1 1
30
1
16 0 -15
0.1 0.1 0.1
0.5 0.5 0.5
1 1 1
30
1
-16 0 10
0.1 0.1 0.1
0.5 0.5 0.5
1 1 1
30
1
-6 4 0
0.1 0.1 0.1
0.5 0.5 0.5
1 1 1
30
1
-7 5 -14
0.1 0.1 0.1
0.5 0.5 0.5
1 1 1
30
1
12
i 19 4.3 0
-1.07374e+08 -1.07374e+08 -1.07374e+08
-1.07374e+08 -1.07374e+08 -1.07374e+08
0 0 0 0 0 0 0 0 0 0 
i -7 2.7 -14
-1.07374e+08 -1.07374e+08 -1.07374e+08
-1.07374e+08 -1.07374e+08 -1.07374e+08
0 0 0 0 0 0 0 0 0 0 
i 17 0 -15
-1.07374e+08 -1.07374e+08 -1.07374e+08
-1.07374e+08 -1.07374e+08 -1.07374e+08
1 0 0 0 0 0 0 0 0 0 
i -6 2.7 -1
-1.07374e+08 -1.07374e+08 -1.07374e+08
-1.07374e+08 -1.07374e+08 -1.07374e+08
1 0 0 0 0 0 0 0 0 0 
g 0 3 8
0 0 0
-1.07374e+08 -1.07374e+08 -1.07374e+08
0 0 0 0 0 0 0 0 0 0 
g 0 4.8 13
0 0 0
-1.07374e+08 -1.07374e+08 -1.07374e+08
0 0 0 0 0 0 0 0 0 0 
m -13 0 -8
0 0 0
-1.07374e+08 -1.07374e+08 -1.07374e+08
0 0 0 0 0 0 0 0 0 0 
m 14 3.3 -1
0 0 0
-1.07374e+08 -1.07374e+08 -1.07374e+08
0 0 0 0 0 0 0 0 0 0 
m 13 4.5 1
0 0 0
-1.07374e+08 -1.07374e+08 -1.07374e+08
0 0 0 0 0 0 0 0 0 0 
m -6 0 10
0 0 0
-1.07374e+08 -1.07374e+08 -1.07374e+08
0 0 0 0 0 0 0 0 0 0 
n 2 0 -4
0 0 0
-1.07374e+08 -1.07374e+08 -1.07374e+08
8 0 0 0 0 0 0 0 0 0 
r 0 6.4 20
-1.07374e+08 -1.07374e+08 -1.07374e+08
9.4 9.4 9.4
2 0 0 0 0 0 0 0 0 0 
