43
1
1
0 -4.4 0
0 0 0
2.75285 2.75285 2.75285
1
0
-4 0 0
0 0 0
4.11 4.11 4.11
1
0
0 0 -4
0 0 0
4.11 4.11 4.11
1
0
4 0 -4
0 0 0
4.11 4.11 4.11
1
0
8 0 0
0 0 0
4.11 4.11 4.11
1
0
8 0 4
0 0 0
4.11 4.11 4.11
1
0
-4 0 4
0 0 0
4.11 4.11 4.11
1
0
-4 0 12
0 0 0
4.14 4.14 4.14
1
0
8 0 12
0 0 0
4.14 4.14 4.14
1
0
12 0 4
0 0 0
4.14 4.14 4.14
1
0
12 0 12
0 0 0
4.14 4.14 4.14
1
0
16 0 8
0 0 0
4.14 4.14 4.14
1
0
-8 0 12
0 0 0
4.14 4.14 4.14
1
0
-8 0 4
0 0 0
4.14 4.14 4.14
1
0
-12 0 12
0 0 0
4.14 4.14 4.14
1
0
-16 0 8
0 0 0
4.14 4.14 4.14
1
0
-16 0 4
0 0 0
4.14 4.14 4.14
1
0
-16 0 0
0 0 0
4.14 4.14 4.14
1
0
-12 0 -4
0 0 0
4.14 4.14 4.14
1
0
0 0 12
0 0 0
4.14 4.14 4.14
1
0
4 0 12
0 0 0
4.14 4.14 4.14
1
0
0 0 -8
0 0 0
4.14 4.14 4.14
1
0
-12 0 -8
0 0 0
4.14 4.14 4.14
1
0
-16 0 -8
0 0 0
4.14 4.14 4.14
1
0
-20 0 -12
0 0 0
4.14 4.14 4.14
1
0
-16 0 -16
0 0 0
4.14 4.14 4.14
1
0
-12 0 -16
0 0 0
4.14 4.14 4.14
1
0
-8 0 -16
0 0 0
4.14 4.14 4.14
1
0
-4 0 -16
0 0 0
4.14 4.14 4.14
1
0
0 0 -16
0 0 0
4.14 4.14 4.14
1
0
4 0 -16
0 0 0
4.14 4.14 4.14
1
0
8 0 -12
0 0 0
4.14 4.14 4.14
1
0
12 0 0
0 0 0
4.14 4.14 4.14
1
0
12 0 -12
0 0 0
4.14 4.14 4.14
1
0
12 0 -16
0 0 0
4.14 4.14 4.14
1
0
16 0 -20
0 0 0
4.14 4.14 4.14
1
0
20 0 -16
0 0 0
4.14 4.14 4.14
1
0
20 0 -12
0 0 0
4.14 4.14 4.14
1
0
20 0 -8
0 0 0
4.14 4.14 4.14
1
0
20 0 -4
0 0 0
4.14 4.14 4.14
1
0
20 0 0
0 0 0
4.14 4.14 4.14
1
0
20 0 8
0 0 0
4.14 4.14 4.14
1
0
24 0 4
0 0 0
4.14 4.14 4.14
5
2 0 6
0.1 0.1 0.1
0.5 0.5 0.5
1 1 1
30
1
-12 0 7
0.1 0.1 0.1
0.5 0.5 0.5
1 1 1
30
1
-6 0 -8
0.1 0.1 0.1
0.5 0.5 0.5
1 1 1
30
1
13 0 -5
0.1 0.1 0.1
0.5 0.5 0.5
1 1 1
30
1
20 0 4
0.1 0.1 0.1
0.5 0.5 0.5
1 1 1
30
1
20
g -3 -1.8 8
0 90 0
-1.07374e+08 -1.07374e+08 -1.07374e+08
1 0 0 0 0 0 0 0 0 0 
g 7 -1.8 8
0 90 0
-1.07374e+08 -1.07374e+08 -1.07374e+08
1 0 0 0 0 0 0 0 0 0 
g -11 -1.7 -12
0 90 0
-1.07374e+08 -1.07374e+08 -1.07374e+08
1 0 0 0 0 0 0 0 0 0 
g -1 -1.8 -12
0 90 0
-1.07374e+08 -1.07374e+08 -1.07374e+08
1 0 0 0 0 0 0 0 0 0 
g 16 -1.7 -1
0 0 0
-1.07374e+08 -1.07374e+08 -1.07374e+08
0 0 0 0 0 0 0 0 0 0 
g 16 -1.7 -11
0 0 0
-1.07374e+08 -1.07374e+08 -1.07374e+08
0 0 0 0 0 0 0 0 0 0 
i 2 0 6
-1.07374e+08 -1.07374e+08 -1.07374e+08
-1.07374e+08 -1.07374e+08 -1.07374e+08
0 0 0 0 0 0 0 0 0 0 
i 12 0 8
-1.07374e+08 -1.07374e+08 -1.07374e+08
-1.07374e+08 -1.07374e+08 -1.07374e+08
0 0 0 0 0 0 0 0 0 0 
i -5 0 -6
-1.07374e+08 -1.07374e+08 -1.07374e+08
-1.07374e+08 -1.07374e+08 -1.07374e+08
0 0 0 0 0 0 0 0 0 0 
i -16 0 -12
-1.07374e+08 -1.07374e+08 -1.07374e+08
-1.07374e+08 -1.07374e+08 -1.07374e+08
0 0 0 0 0 0 0 0 0 0 
i 11 0 -6
-1.07374e+08 -1.07374e+08 -1.07374e+08
-1.07374e+08 -1.07374e+08 -1.07374e+08
0 0 0 0 0 0 0 0 0 0 
i 16 0 -16
-1.07374e+08 -1.07374e+08 -1.07374e+08
-1.07374e+08 -1.07374e+08 -1.07374e+08
0 0 0 0 0 0 0 0 0 0 
m 10 0 8
0 0 0
-1.07374e+08 -1.07374e+08 -1.07374e+08
0 0 0 0 0 0 0 0 0 0 
m -15 0 -12
0 0 0
-1.07374e+08 -1.07374e+08 -1.07374e+08
0 0 0 0 0 0 0 0 0 0 
m 16 0 -14
0 0 0
-1.07374e+08 -1.07374e+08 -1.07374e+08
0 0 0 0 0 0 0 0 0 0 
m 11 0 8
0 0 0
-1.07374e+08 -1.07374e+08 -1.07374e+08
0 0 0 0 0 0 0 0 0 0 
m -14 0 -12
0 0 0
-1.07374e+08 -1.07374e+08 -1.07374e+08
0 0 0 0 0 0 0 0 0 0 
m 16 0 -15
0 0 0
-1.07374e+08 -1.07374e+08 -1.07374e+08
0 0 0 0 0 0 0 0 0 0 
n 4 0 0
0 0 0
-1.07374e+08 -1.07374e+08 -1.07374e+08
15 0 0 0 0 0 0 0 0 0 
r 20 0 4
-1.07374e+08 -1.07374e+08 -1.07374e+08
2.9 2.9 2.9
3 0 0 0 0 0 0 0 0 0 
