56
1
1
0 -4.8 0
0 0 0
3.38285 3.38285 3.38285
1
9
0 -1.5 36
0 0 0
0.114003 0.114003 0.114003
1
9
-14 -1.5 36
0 0 0
0.114003 0.114003 0.114003
1
9
-27 -1.5 36
0 0 0
0.114003 0.114003 0.114003
1
9
-35 -1.5 29
0 0 0
0.114003 0.114003 0.114003
1
9
-35 -1.5 18
0 0 0
0.114003 0.114003 0.114003
1
9
-35 -1.5 7
0 0 0
0.114003 0.114003 0.114003
1
9
-35 -1.5 -6
0 0 0
0.114003 0.114003 0.114003
1
9
-35 -1.5 -19
0 0 0
0.114003 0.114003 0.114003
1
9
-34 -1.5 -31
0 0 0
0.114003 0.114003 0.114003
1
9
-22 -1.5 -36
0 0 0
0.114003 0.114003 0.114003
1
9
-8 -1.5 -36
0 0 0
0.114003 0.114003 0.114003
1
9
6 -1.5 -36
0 0 0
0.114003 0.114003 0.114003
1
9
19 -1.5 -36
0 0 0
0.114003 0.114003 0.114003
1
9
30 -1.5 -36
0 0 0
0.114003 0.114003 0.114003
1
9
37 -1.5 -24
0 0 0
0.114003 0.114003 0.114003
1
9
37 -1.5 -11
0 0 0
0.114003 0.114003 0.114003
1
9
37 -1.5 0
0 0 0
0.114003 0.114003 0.114003
1
9
37 -1.5 10
0 0 0
0.114003 0.114003 0.114003
1
9
37 -1.5 23
0 0 0
0.114003 0.114003 0.114003
1
9
37 -1.5 34
0 0 0
0.114003 0.114003 0.114003
1
9
24 -1.5 34
0 0 0
0.114003 0.114003 0.114003
1
9
12 -1.5 34
0 0 0
0.114003 0.114003 0.114003
1
0
5 -0.6 0
0 0 0
2 2 2
1
0
5 0 3
0 0 0
3.36 3.36 3.36
1
0
5 0 8
0 0 0
5.15002 5.15002 5.15002
1
0
5 0 14
0 0 0
6.28105 6.28105 6.28105
1
0
13 0 14
0 0 0
8.93011 8.93011 8.93011
1
0
13 0 4
0 0 0
10.9202 10.9202 10.9202
1
0
-10 0 4
0 0 0
10.9202 10.9202 10.9202
1
0
-10 0 15
0 0 0
10.9202 10.9202 10.9202
1
0
-10 0 -14
0 0 0
10.9202 10.9202 10.9202
1
0
7 5.3 -3
0 0 0
1.2 1.2 1.2
1
0
5 -1.5 -1
0 0 0
2 2 2
1
0
5 -1.49012e-08 1
0 0 0
2 2 2
1
0
5 1.2 5
0 0 0
2 2 2
1
0
8 2 10
0 0 0
2 2 2
1
0
8 2.8 15
0 0 0
2 2 2
1
0
4 4.6 -5
0 0 0
1.3 1.3 1.3
1
0
2 4.6 -7
0 0 0
1.3 1.3 1.3
1
0
0 4.6 -9
0 0 0
1.3 1.3 1.3
1
0
-2 4.6 -11
0 0 0
1.3 1.3 1.3
1
0
4 0 22
0 0 0
3.42 3.42 3.42
1
0
7 0 22
0 0 0
3.42 3.42 3.42
1
0
10 0 20
0 0 0
3.42 3.42 3.42
1
0
5 3.3 19
0 0 0
3.87 3.87 3.87
1
0
8 3.3 19
0 0 0
3.87 3.87 3.87
1
1
5 1.6 3
0 0 0
0.182857 0.182857 0.182857
1
1
5 2.6 8
0 0 0
0.272857 0.272857 0.272857
1
1
5 3.1 14
0 0 0
0.342857 0.342857 0.342857
1
1
13 4.4 14
0 0 0
0.472857 0.472857 0.472857
1
1
13 4.9 3
0 0 0
0.592857 0.592857 0.592857
1
1
-10 4.9 4
0 0 0
0.592857 0.592857 0.592857
1
1
-10 4.9 15
0 0 0
0.592857 0.592857 0.592857
1
1
-10 4.9 -14
0 0 0
0.592857 0.592857 0.592857
1
0
-9 3.7 -5
0 0 0
3.39 3.39 3.39
9
0 0 20
0.1 0.1 0.1
0.5 0.5 0.5
1 1 1
30
1
1 0 3
0.1 0.1 0.1
0.5 0.5 0.5
1 1 1
30
1
5 6 14
0.1 0.1 0.1
0.5 0.5 0.5
1 1 1
30
1
13 7 3
0.1 0.1 0.1
0.5 0.5 0.5
1 1 1
30
1
-5 0 -3
0.1 0.1 0.1
0.5 0.5 0.5
1 1 1
30
1
-9 8 18
0.1 0.1 0.1
0.5 0.5 0.5
1 1 1
30
1
-9 8 -14
0.1 0.1 0.1
0.5 0.5 0.5
1 1 1
30
1
-31 0 21
0.1 0.1 0.1
0.5 0.5 0.5
1 1 1
30
1
7 0 19
0.1 0.1 0.1
0.5 0.5 0.5
1 1 1
30
1
14
g 4 -1.5 19
0 90 0
-1.07374e+08 -1.07374e+08 -1.07374e+08
1 0 0 0 0 0 0 0 0 0 
i -9 7.4 19
-1.07374e+08 -1.07374e+08 -1.07374e+08
-1.07374e+08 -1.07374e+08 -1.07374e+08
0 0 0 0 0 0 0 0 0 0 
m -1 0 9
0 0 0
-1.07374e+08 -1.07374e+08 -1.07374e+08
0 0 0 0 0 0 0 0 0 0 
m 11 8.4 3
0 0 0
-1.07374e+08 -1.07374e+08 -1.07374e+08
0 0 0 0 0 0 0 0 0 0 
m 16 8.4 5
0 0 0
-1.07374e+08 -1.07374e+08 -1.07374e+08
0 0 0 0 0 0 0 0 0 0 
m 12 5.3 14
0 0 0
-1.07374e+08 -1.07374e+08 -1.07374e+08
0 0 0 0 0 0 0 0 0 0 
m 14 6.7 11
0 0 0
-1.07374e+08 -1.07374e+08 -1.07374e+08
0 0 0 0 0 0 0 0 0 0 
m -9 7.2 -13
0 0 0
-1.07374e+08 -1.07374e+08 -1.07374e+08
0 0 0 0 0 0 0 0 0 0 
m -7 10.1 5
0 0 0
-1.07374e+08 -1.07374e+08 -1.07374e+08
0 0 0 0 0 0 0 0 0 0 
m -8 9.2 -16
0 0 0
-1.07374e+08 -1.07374e+08 -1.07374e+08
0 0 0 0 0 0 0 0 0 0 
m -4 11.4 8
0 0 0
-1.07374e+08 -1.07374e+08 -1.07374e+08
0 0 0 0 0 0 0 0 0 0 
m -9 11.1 11
0 0 0
-1.07374e+08 -1.07374e+08 -1.07374e+08
0 0 0 0 0 0 0 0 0 0 
r 7 -0.9 18
-1.07374e+08 -1.07374e+08 -1.07374e+08
2.6 2.6 2.6
4 0 0 0 0 0 0 0 0 0 
n -3 0 0
0 0 0
-1.07374e+08 -1.07374e+08 -1.07374e+08
19 0 0 0 0 0 0 0 0 0 
